6.082570723103146726e-01 5.931218932250124087e-01
6.011705141642057493e-01 5.593515963744606356e-01
5.746955746510148400e-01 6.123684182306327051e-01
5.855972056371077095e-01 8.657773291989906417e-01
7.370698985494832378e-01 8.114068564671048644e-01
7.981859753367522847e-01 7.751643845766492680e-01
6.910162579449792286e-01 9.000487367208845901e-01
7.605493007873166400e-01 1.002886261240262700e+00
9.465397553843899470e-01 8.692576838002681328e-01
8.738174882191033221e-01 8.943602204893434937e-01
8.831436180811110814e-01 9.349795687186351900e-01
1.046963886817700695e+00 1.015663419566509074e+00
9.625357791066728730e-01 1.146556254453821699e+00
1.218781040458531306e+00 9.505916451698355196e-01
1.172403303233730210e+00 9.847996149570468205e-01
1.132559830891930019e+00 1.000031482255348880e+00
1.271030660560641623e+00 9.837611254294905683e-01
1.388154920182909535e+00 9.508327956446649409e-01
1.362164312370169661e+00 1.047480630333123219e+00
1.485784574218488308e+00 1.039092528951833350e+00
1.684035908519432301e+00 1.042301906846615944e+00
1.616244689971750415e+00 8.513174924042286040e-01
1.575735209472930221e+00 1.094035429192690145e+00
1.789925871674246549e+00 9.643290833845349352e-01
1.831246004081601209e+00 9.674200224877705923e-01
1.979828270976855764e+00 7.760446781506029623e-01
1.914008591341286092e+00 7.029634457923887858e-01
2.095556550632835080e+00 6.422882457111195320e-01
1.903268292231540260e+00 7.666472666868796582e-01
2.007806286292548315e+00 6.296257735235921693e-01
2.053177004418992535e+00 5.227658992084692757e-01
2.179014051243987282e+00 4.740342137058956573e-01
2.285843213550312392e+00 4.195387152497748184e-01
2.218475961899283089e+00 4.557937667780512236e-01
2.182436142652179889e+00 1.716186084880178264e-01
2.221055389325207852e+00 2.406803717852618874e-01
2.244717793991010346e+00 -2.502228636841009532e-02
2.163139451712510652e+00 -1.848438504772383917e-01
2.128259992977449944e+00 5.450740957784297458e-02
2.205349430106892772e+00 -2.195157671926579734e-01
2.120783708849024229e+00 -3.891799000589831747e-01
2.023421158877436898e+00 -4.449262811121049710e-01
1.945820787839292132e+00 -5.083567113132542170e-01
1.916141260722229900e+00 -7.028341532744120101e-01
2.015368617310034693e+00 -5.354305140661970164e-01
1.780032751699652582e+00 -7.101921826624619793e-01
1.822554226283232603e+00 -6.791762274510702024e-01
1.965887713796012015e+00 -9.187436364515835230e-01
1.719346543891041357e+00 -7.459600493177972469e-01
1.874037711556156172e+00 -9.715400280358321705e-01
1.824433773659962066e+00 -9.985865456929858830e-01
1.582138550726200688e+00 -9.820466173475305149e-01
1.605368280433955741e+00 -1.015346640768092890e+00
1.518826063365597445e+00 -9.535921161883904595e-01
1.372432777252535763e+00 -9.678687444840443632e-01
1.362365819082764107e+00 -1.100871279401437253e+00
1.397793709992358524e+00 -8.864919149383051478e-01
1.227761514458258096e+00 -1.050640901950210981e+00
1.193550941647753660e+00 -9.156852671707478297e-01
1.104267781836067774e+00 -9.417824249338289100e-01
1.109449833887458770e+00 -9.392287192260035944e-01
1.125632866661743225e+00 -9.653660795190300847e-01
9.639818444655959828e-01 -9.232965470900220684e-01
8.200162581916152771e-01 -9.080247365765004020e-01
8.211555827745734559e-01 -8.636407880551068006e-01
8.239504242795754330e-01 -7.949326024103253729e-01
7.562084557626720382e-01 -8.521798085457160665e-01
7.642493509937113849e-01 -8.235092841440059264e-01
6.126711861365771172e-01 -6.861715694230188234e-01
6.445892191326414444e-01 -6.400910583483265803e-01
5.055347117660380363e-01 -6.451757185600527356e-01
5.060045278691515103e-01 -8.438814504978167097e-01
5.419849166305523713e-01 -6.506482818570765714e-01
-5.394986381591295732e-01 4.649445945465728314e-01
-5.188923399592039187e-01 7.772959755789599079e-01
-5.813875538226831452e-01 7.509713166595330947e-01
-5.545639107568340886e-01 6.523224783071525090e-01
-5.779346818965125365e-01 7.966350373224156955e-01
-7.361193669694285902e-01 7.660546617807088010e-01
-8.170758793021848376e-01 7.644509502981393645e-01
-8.869447766263796051e-01 7.372744962705781724e-01
-1.013504747792438154e+00 1.099161634842211299e+00
-9.448665986093419678e-01 1.120555200420092490e+00
-8.472300475357186222e-01 9.889678827039437570e-01
-1.106166860893642578e+00 1.059277362277051715e+00
-8.875292406369591491e-01 8.668420710205236857e-01
-1.128882518450623929e+00 1.088115895426052804e+00
-1.067707629900668254e+00 9.839639129295260078e-01
-1.174338687913047297e+00 9.720992542387976165e-01
-1.331014855129833308e+00 1.012758509500748971e+00
-1.301385376980827457e+00 1.027097454615190530e+00
-1.486834476009682326e+00 1.149462058422402455e+00
-1.638781896610251643e+00 1.050424481886003125e+00
-1.428666959021743788e+00 1.001025648122179534e+00
-1.497067625049407935e+00 9.667589413027501966e-01
-1.689158578588367599e+00 1.013085839994138482e+00
-1.712293025961948434e+00 1.154610326219803307e+00
-1.546008559522220605e+00 8.693413324879102344e-01
-1.813031898155524457e+00 1.064272015299297713e+00
-1.876679254086932369e+00 6.521865119421282886e-01
-1.854783122117118488e+00 7.683668234247515993e-01
-2.058937160514958453e+00 6.345552131773296578e-01
-2.068539506561815955e+00 5.760645166467452949e-01
-2.199760675432954837e+00 7.379757825943155103e-01
-2.170441652196169358e+00 3.380189985874357816e-01
-2.148647122396504017e+00 3.441431569308291416e-01
-2.067787536885323352e+00 1.920252447195028855e-01
-2.237107659761316203e+00 2.974090296246552079e-01
-2.264666754760013667e+00 1.970422194078325084e-02
-2.314951968959454653e+00 1.238039737911308252e-01
-2.119916111327031949e+00 1.158770232743702028e-01
-2.159774618226316889e+00 -2.227139464851060624e-01
-2.149812650414871573e+00 -3.129962009639308262e-01
-2.136785723664585301e+00 -2.620294238700916489e-01
-2.099060687261947056e+00 -4.914433443137083413e-01
-2.060582398776971580e+00 -6.189777775370086665e-01
-2.088320650552077495e+00 -4.334097220478362877e-01
-1.934155749870642538e+00 -7.013584579154399368e-01
-1.845581326693357394e+00 -6.421799974371491526e-01
-1.880810697105231410e+00 -8.970391142390825578e-01
-1.845429675039768513e+00 -7.665301638218755542e-01
-1.887606759374113929e+00 -9.120917989312207208e-01
-1.891976452112783758e+00 -8.980131198543541693e-01
-1.607550878536128991e+00 -1.056837951427415101e+00
-1.577401755066843991e+00 -1.084072093911867984e+00
-1.508635634831698491e+00 -1.040608708008486039e+00
-1.584114756313340200e+00 -1.086745526600620293e+00
-1.561589427787813511e+00 -1.060042326417349523e+00
-1.301637468985872070e+00 -1.033837277102358065e+00
-1.421822457993851430e+00 -1.011508441585041496e+00
-1.292170846922946925e+00 -1.177951889677747666e+00
-1.147349892377867553e+00 -1.057773045987119298e+00
-1.209619280270477715e+00 -1.021721385887591538e+00
-1.060920495194574098e+00 -9.187490897597213602e-01
-8.754560312829622326e-01 -1.055232160034529798e+00
-9.345216288316533504e-01 -9.229127248672169825e-01
-7.376654843480127122e-01 -1.050069091493516460e+00
-8.471772877712163696e-01 -7.057975734817442115e-01
-8.030472430723717414e-01 -7.982104636703427625e-01
-7.192322905755700324e-01 -9.441874773724747705e-01
-7.464187523775184241e-01 -8.769582071225936470e-01
-6.813400189420829589e-01 -8.080294242191725651e-01
-7.410530450540468994e-01 -7.797638992928510593e-01
-7.213464044087680715e-01 -6.850360269696151860e-01
-6.031002486307710519e-01 -6.507851199613511328e-01
-6.002187936162518556e-01 -5.735611159782887380e-01
-6.093333575452308803e-01 4.534148324678084485e-01
-2.534917539074558190e-01 4.292959959105809298e-01
-4.701345131725120363e-01 4.994008653797736841e-01
-1.361499627773773424e-01 4.077488450413158105e-01
-1.301264573454601337e-01 3.083468142542625801e-01
-2.475749528746179484e-01 4.894876271789256883e-01
-4.093102112922577529e-01 3.054914484340734981e-01
-2.661084454418448098e-01 2.963250449028558831e-01
-8.849231537967050532e-02 1.626899876810879719e-01
-1.950142323107921238e-01 1.518101149537028627e-01
-2.380010257346492908e-01 1.792181564108333847e-01
-1.360318720541507376e-01 2.311399911844739252e-01
2.738491402425446974e-02 2.070582300149086952e-01
-9.989545271084841749e-02 3.141153630385399853e-01
1.037439980357059838e-02 2.993754506166457219e-01
4.490932501550392447e-02 3.285505574174473753e-01
2.933953375707378797e-01 2.758995315628428036e-01
1.025079655146991231e-01 1.682486540159045529e-01
7.176384500436187863e-02 4.410270784963331581e-01
2.462785649017833201e-01 2.378450882480247497e-01
3.133221706532806072e-01 1.725352338653831086e-01
2.444057573556234209e-01 2.735705186182659787e-01
4.069491662840686308e-01 4.435800455837958234e-01
2.914617984557384966e-01 3.919338400247376897e-01
3.331046579709400768e-01 5.045036952855591617e-01
5.046204430011465014e-01 4.461372087993582536e-01
5.519753607265002193e-01 5.863716777583333206e-01
-4.632321521022391142e-01 -5.739774139903399686e-01
-4.449979744575084384e-01 -5.607823056194187750e-01
-4.071628947115725206e-01 -6.097510033180271183e-01
-3.791326567195417163e-01 -4.318421011558384315e-01
-3.382552898943109732e-01 -4.106659460480548973e-01
-3.657090707423448217e-01 -5.214921420445177702e-01
-3.700846801656257901e-01 -5.497460330736970713e-01
-2.470076807718064593e-01 -3.173183053526408837e-01
-1.841593404857394811e-01 -2.847567191151100241e-01
-5.148680592171119008e-02 -3.826740422205417436e-01
-2.096267089767712977e-01 -4.237573255870114020e-01
-1.384781395628351675e-01 -2.370696299743305091e-01
-4.662171656553182331e-02 -3.814469690207585861e-01
5.051653157791615410e-03 -4.383429458897832864e-01
-9.488104622534129784e-02 -2.695420139948003779e-01
-3.059010325906193206e-02 -2.333570699094706102e-01
2.723024579068301643e-01 -3.856928881028726663e-01
1.544250516701971276e-01 -2.830702986092821227e-01
2.806231858371930343e-01 -4.362473789145008274e-01
2.461189316349793044e-01 -3.000093618946089169e-01
1.729695827491225246e-01 -4.405701354163336636e-01
4.641807246586028834e-01 -3.607519728004485726e-01
2.217017412933148801e-01 -3.128611237543511003e-01
3.592465283967710699e-01 -5.280146606255295971e-01
3.972875284058703382e-01 -4.336528020348240364e-01
4.523245637575836198e-01 -4.116727728726953250e-01
6.499254578052052755e-01 -6.286745222821297219e-01
